-104330486
-108482875
-78439026
-91504156
-75523091
-141753712
-106819364
-129472665
-101076380
-50555905
-133401156
-110410283
-116703587
-117636974
-77088121
-98460601
-127383566
-93831308
-125402945
-107057654
-104894839
-101324327
-8747278
-112428358
-47315164
-105737219
-107965226
-110578363
-117756030
-119270694
-119853312
-120009305
-125372998
-90738149
-126855931
-121781468
-108113587
-87627548
-91139779
-116460414
-87087366
-93729328
-123047960
-91640132
-51883455
-106818746
-115781935
-118380686
-106880652
-102758590
-111195279
-128124689
-116179155
-109537666
-105407478
-46487993
-115438771
-109988755
-127438269
-129727930
-126239339
-125914421
-127374931
-132394764
-132746770
-136247342
-137406387
-18955902
-117781916
-109933725
-109095785
-3798379
-50512447
-140090700
-102140974
-99041660
-46512159
-102115202
-74357996
-58599531
-63559625
-69761908
-74197738
-104851373
-89677973
-136589925
-89677205
-97758272
-99923339
